1 172 215 40
1 415 208 40
0 54 269491 442
0 261 179171 121
0 338 173416 124
0 218 214372 213
0 167 191142 216
0 142 216175 249
0 175 249207 215
0 207 215174 186
0 175 203176 233
0 411 175385 210
0 385 210420 243
0 420 243448 208
0 448 208412 176
0 411 196418 225
0 295 262260 308
0 260 308323 322
0 56 27463 432
0 63 432489 448
0 13 6032 154
0 46 5162 136
0 23 10458 102
0 112 4055 56
0 55 5672 122
0 72 122149 103
0 65 86103 77
0 124 37161 68
0 161 68165 22
0 163 71171 100
0 180 20198 75
0 194 82206 78
0 206 78211 90
0 211 90197 93
0 197 93191 83
0 397 -19397 -19
